Pan speed DMX | Pan speed measured (°/s)
10                  329
15                  316
20                  292
30                  246
50                  168
70                  103
90                  54.7
110                 20
115                 14.6
120                 9.1
125                 3.5    
127                 1.7
128                 -1.8
130                 -2.1
135                 -5.6
140                 -9.2
145                 -16.5
150                 -20.1
160                 -36.6
170                 -54.8
190                 -97
210                 -159
230                 -227
240                 -268.5
250                 -315.5
255                 -327